0.	0.	-3.141582653589793	1.5707963267948966
0.03333333333333333	0.048030906554580644	-3.1415813212080663	1.6384316850036336
0.06666666666666667	0.09606181310770642	-3.1415799383634875	1.7060670432100962
0.1	0.14409271965937734	-3.1415785050557834	1.7737024014142844
0.13333333333333333	0.19212362620937007	-3.141577016119291	1.841337759615849
0.16666666666666666	0.24015453275707493	-3.1415754574509647	1.9089731178138365
0.2	0.2881854393024574	-3.141573828249827	1.9766084760081934
0.23333333333333334	0.33621634584539306	-3.1415721262663237	2.044243834198725
0.26666666666666666	0.3842472523849202	-3.1415703340956145	2.111879192383928
0.3	0.4322781589208362	-3.1415684480707875	2.179514550563485
0.3333333333333333	0.48030906545313123	-3.141566468078485	2.2471499087373816
0.36666666666666664	0.5283399719811527	-3.14156438609246	2.3147852669045967
0.4	0.576370878503979	-3.1415621893285373	2.3824206250636895
0.43333333333333335	0.6244017850208713	-3.141559866792228	2.4500559832135056
0.4666666666666667	0.672432691531091	-3.1415574074890458	2.51769134135289
0.5	0.7204635980335912	-3.141554800848192	2.5853266994802055
0.5333333333333333	0.7684945045270887	-3.141552036622719	2.6529620575934465
0.5666666666666667	0.8165254110105653	-3.14154910420215	2.7205974156910213
0.6	0.8645563174830037	-3.1415459929752214	2.7882327737713384
0.6333333333333333	0.912587223942912	-3.1415426904837824	2.855868131832067
0.6666666666666666	0.9606181303877515	-3.141539180182885	2.923503489869237
0.7	1.008649036815744	-3.14153544849702	2.9911388478800687
0.7333333333333333	1.0566799432251566	-3.1415314820262203	3.0587742058618534
0.7666666666666666	1.1047108496138351	-3.1415272659977034	3.1264095638112224
0.8	1.1527417559774282	-3.1415227784871247	3.1940449217213733
0.8333333333333334	1.2007726623127086	-3.141518001230422	3.261680279587261
0.8666666666666667	1.2488035686167005	-3.141512916780836	3.3293156374042328
0.9	1.2968344748863079	-3.141507507442385	3.396950995167448
0.9333333333333333	1.344865381115985	-3.1415017500149713	3.4645863528682375
0.9666666666666667	1.392896287299021	-3.1414956179747056	3.5322217104961093
1.	1.4409271934289034	-3.1414890851021156	3.5998570680408815
1.0333333333333332	1.4889580994991194	-3.141482125177729	3.6674924254923726
1.0666666666666667	1.5369890055026898	-3.1414747116655044	3.735127782839671
1.1	1.585019911428976	-3.141466813274853	3.802763140066145
1.1333333333333333	1.6330508172661924	-3.1414583950465564	3.8703984971533694
1.1666666666666667	1.6810817230026194	-3.1414494219265663	3.938033854083021
1.2	1.7291126286265355	-3.1414398588608337	4.005669210836776
1.2333333333333334	1.7771435341237176	-3.141429668753892	4.073304567392396
1.2666666666666666	1.8251744394728306	-3.141418806530653	4.140939923716529
1.3	1.873205344652618	-3.1414072256198176	4.208575279775942
1.3333333333333333	1.9212362496418525	-3.1413948794639315	4.276210635537447
1.3666666666666667	1.9692671544192322	-3.1413817214579507	4.343845990967743
1.4	2.0172980589544367	-3.141367698137532	4.4114813460194275
1.4333333333333333	2.065328963207441	-3.1413527463567306	4.479116700629926
1.4666666666666666	2.1133598671392324	-3.141336802941583	4.5467520547382465
1.5	2.1613907707107995	-3.1413198047181257	4.614387408283399
1.5333333333333332	2.2094216738816668	-3.14130168779899	4.682022761202105
1.5666666666666667	2.257452576588438	-3.1412823750127887	4.749658113395253
1.6	2.3054834787580467	-3.1412617804941885	4.817293464748611
1.6333333333333333	2.3535143803188414	-3.1412398186751194	4.884928815150162
1.6666666666666667	2.4015452811991724	-3.141216403987512	4.952564164487889
1.7	2.4495761813187835	-3.1411914476028406	5.020199512636322
1.7333333333333334	2.4976070805499058	-3.141164839193697	5.087834859395709
1.7666666666666666	2.5456379787598555	-3.1411364626043605	5.155470204558616
1.8	2.593668875817077	-3.1411062019596505	5.223105547919369
1.8333333333333333	2.641699771590013	-3.1410739413843856	5.290740889272295
1.8666666666666667	2.689730665914585	-3.1410395545324667	5.3583762283608785
1.9	2.737761558552166	-3.1410028879738845	5.426011564812053
1.9333333333333333	2.7857924492679067	-3.140963787586833	5.49364689825866
1.9666666666666666	2.8338233378265696	-3.140922099190915	5.561282228332935
2.	2.8818542239332543	-3.140877654354998	5.628917554573835
2.033333333333333	2.929885107212	-3.1408302597708104	5.696552876393592
2.0666666666666664	2.9779159872866434	-3.140779720242975	5.764188193204118
2.1	3.025946863774076	-3.1407258394330624	5.83182350440647
2.1333333333333333	3.0739777361502285	-3.1406683931359916	5.899458809181328
2.1666666666666665	3.122008603799143	-3.1406071327584395	5.967094106565715
2.2	3.1700394661094	-3.14054180946787	6.03472939560375
2.2333333333333334	3.2180703224358624	-3.1404721698345783	6.102364675286841
2.2666666666666666	3.266101171863705	-3.140397916749017	6.169999944184765
2.3	3.3141320133947154	-3.140318732763442	6.237635200736939
2.3333333333333335	3.362162846036011	-3.140234300706412	6.305270443391109
2.3666666666666667	3.4101936686807335	-3.1401442896470892	6.372905670416835
2.4	3.4582244797934303	-3.140048311097821	6.4405408794136205
2.433333333333333	3.5062552777963014	-3.139945966757454	6.508176067914768
2.466666666666667	3.554286061024688	-3.1398368503337686	6.575811233317778
2.5	3.602316827301035	-3.139720499809523	6.6434463722183095
2.533333333333333	3.650347574304158	-3.139596431737717	6.711081480987467
2.5666666666666664	3.698378299609834	-3.139464154825163	6.778716555835272
2.6	3.7464090000275534	-3.1393231106370383	6.846351591773744
2.6333333333333333	3.7944396721054336	-3.1391727098978444	6.913986583406283
2.6666666666666665	3.8424703122855983	-3.1390123566128896	6.981621525170577
2.7	3.8905009159246666	-3.138841377690114	7.049256409807261
2.7333333333333334	3.9385314778961242	-3.13865905526248	7.11689122930165
2.7666666666666666	3.986561992968733	-3.1384646656874726	7.184525975475335
2.8	4.034592454394309	-3.138257398197346	7.252160637778347
2.8333333333333335	4.082622854563048	-3.138036378770561	7.319795204313684
2.8666666666666667	4.130653185768497	-3.1378007276846973	7.387429663033243
2.9	4.1786834383005225	-3.137549469008634	7.455063998756414
2.933333333333333	4.226713601087704	-3.137281551175315	7.522698194174382
2.966666666666667	4.274743662341877	-3.1369958940383174	7.590332230857796
3.	4.322773607489187	-3.136691296290683	7.657966086022226
3.033333333333333	4.370803421262653	-3.136366521553685	7.725599735799631
3.0666666666666664	4.418833085419344	-3.136020231295605	7.7932331516694475
3.1	4.466862579121418	-3.1356509820098837	7.860866301054302
3.1333333333333333	4.514891880052117	-3.135257286831399	7.928499149064727
3.1666666666666665	4.562920960464408	-3.1348374888711916	7.996131652321735
3.2	4.610949791313056	-3.1343898828170444	8.063763765416768
3.2333333333333334	4.658978338007017	-3.133912625590168	8.131395434271148
3.2666666666666666	4.707006560921187	-3.133403726895124	8.199026596936116
3.3	4.755034417703246	-3.1328611382320326	8.266657187199307
3.3333333333333335	4.803061855664445	-3.132282577115545	8.3342871226888
3.3666666666666667	4.8510888195780675	-3.131665691638918	8.401916317064911
3.4	4.899115244168626	-3.1310079450614214	8.46954466827822
3.433333333333333	4.947141055064794	-3.1303066162900834	8.537172060059293
3.466666666666667	4.995166168450677	-3.129558829058967	8.604798361373643
3.5	5.043190488585198	-3.128761494326723	8.67242342254361
3.533333333333333	5.091213907585712	-3.12791134889558	8.740047074910281
3.5666666666666664	5.139236301083236	-3.1270048737877487	8.807669124041109
3.6	5.187257530238189	-3.1260383667278164	8.875289352881484
3.6333333333333333	5.235277433717192	-3.1250078213686963	8.942907509211826
3.6666666666666665	5.283295832812758	-3.1239090368718645	9.010523313651744
3.6999999999999997	5.331312518337213	-3.12273745382636	9.078136439171194
3.7333333333333334	5.379327262644292	-3.121488324411891	9.145746529884372
3.7666666666666666	5.427339789482451	-3.120156420234267	9.213353153922382
3.8	5.475349807790064	-3.1187363670614867	9.280955856264374
3.8333333333333335	5.523356966097972	-3.1172222744861564	9.348554087458849
3.8666666666666667	5.571360873625813	-3.115607920204109	9.416147236601747
3.9	5.619361093393168	-3.1138867401487245	9.48373462057075
3.933333333333333	5.667357106147919	-3.1120515662991335	9.551315427638285
3.966666666666667	5.715348360639621	-3.110095021024383	9.618888796059831
4.	5.763334181742929	-3.1080089481164737	9.686453670462196
4.033333333333333	5.8113138476597825	-3.1057849032354197	9.75400892251837
4.066666666666666	5.859286511218501	-3.103413767269067	9.821553227943623
4.1	5.90725120626115	-3.100885780607379	9.889085076476766
4.133333333333333	5.955206879258625	-3.098190778499727	9.956602821308856
4.166666666666667	6.0031522524832415	-3.095317564932785	10.024104465238953
4.2	6.051085983513492	-3.0922546666681265	10.091587909965677
4.233333333333333	6.099006436193438	-3.088989461032161	10.159050598181482
4.266666666666667	6.146911799550181	-3.0855086344245555	10.22648969939031
4.3	6.194800120021347	-3.0817984088599144	10.293902160328098
4.333333333333333	6.242668954468855	-3.0778434011015436	10.361284162827534
4.366666666666666	6.290515746232201	-3.0736278566733817	10.428631711353331
4.4	6.3383375496657655	-3.069134963742493	10.49594020282035
4.433333333333334	6.386130837855363	-3.0643463200613197	10.563204126209477
4.466666666666667	6.433891957013199	-3.0592432093541624	10.630417772375335
4.5	6.4816164768593065	-3.0538051529733967	10.697574219815712
4.533333333333333	6.529299517509261	-3.048010672781975	10.764665845053988
4.566666666666666	6.576935545411108	-3.0418370184082253	10.831684004498777
4.6	6.62451822621617	-3.035259899620745	10.898618804773035
4.633333333333333	6.672040594023168	-3.028253974468703	10.965459367436992
4.666666666666667	6.719494594119821	-3.020792142742476	11.032193115912651
4.7	6.76687124380655	-3.012845958237598	11.098806027098526
4.733333333333333	6.814160458225678	-3.004385439974379	11.165282360134912
4.766666666666667	6.861350781567037	-2.995378931507846	11.23160423913296
4.8	6.90842957297832	-2.985793396772827	11.29775194324987
4.833333333333333	6.955382375664287	-2.975593926287427	11.363702926815177
4.866666666666666	7.0021933384845605	-2.9647442986418175	11.4294324767558
4.9	7.048844574754999	-2.953206569959938	11.49491271868425
4.933333333333334	7.095316203022996	-2.9409413168273746	11.56011268387619
4.966666666666667	7.141586239397094	-2.927907742730378	11.624998146342083
5.	7.187630332498263	-2.9140637144723387	11.689531217305914
5.033333333333333	7.23342157066409	-2.8993659280945034	11.753670055315647
5.066666666666666	7.278930495694308	-2.883770166676356	11.817368896797475
5.1	7.324124936947469	-2.867231488616361	11.880577810749488
5.133333333333333	7.368969803459522	-2.8497045248083626	11.943242396525886
5.166666666666667	7.413427164550279	-2.8311438922291803	12.00530393095398
5.2	7.457456425657486	-2.8115044733905434	12.066699653087065
5.233333333333333	7.5010139676806205	-2.790742123113649	12.127362267600933
5.266666666666667	7.544053927445259	-2.7688138793777677	12.18722115215588
5.3	7.586527968410599	-2.7456787464244417	12.246202077235722
5.333333333333333	7.628385856563503	-2.721298289167231	12.30422814444868
5.366666666666666	7.669575958043516	-2.6956371954868374	12.36122061187352
5.4	7.710045778117814	-2.6686638737640402	12.41709979177809
5.433333333333334	7.749742639286614	-2.6403512079198723	12.471786188601552
5.466666666666667	7.788614507249732	-2.6106771526287664	12.525201860609956
5.5	7.826610803524718	-2.5796251368923997	12.577271750730379
5.533333333333333	7.8636832259013785	-2.5471844948946605	12.627925041728313
5.566666666666666	7.899786686939864	-2.513350933089678	12.677096715537166
5.6	7.934880442311639	-2.47812702158592	12.724729439691416
5.633333333333333	7.96892812470805	-2.441521307940777	12.770773559889616
5.666666666666667	8.001899129951742	-2.403549249984311	12.815189484485327
5.7	8.033768889470219	-2.3642325759585074	12.85794812409916
5.733333333333333	8.064519110218205	-2.323598850162319	12.899031321921345
5.766666666666667	8.09413792722126	-2.2816810160962024	12.938432150040246
5.8	8.122619998057482	-2.2385169052590412	12.976155136173011
5.833333333333333	8.149966299387177	-2.1941485555259157	13.012216008085623
5.866666666666666	8.176183618723012	-2.1486214174457543	13.04664092609947
5.9	8.201284065865796	-2.1019836682434208	13.079465769065289
5.933333333333334	8.225284514483128	-2.054285536810632	13.110735322320874
5.966666666666667	8.248206084609587	-2.005578636647695	13.140502623772317
6.	8.270073013043795	-1.9559152408683522	13.16882708655916
6.033333333333333	8.290912256767552	-1.9053478366389678	13.195774064661657
6.066666666666666	8.310752736069476	-1.8539285312671503	13.221413843025744
6.1	8.329624498657152	-1.801708745374353	13.245820174275192
6.133333333333333	8.347558264052196	-1.7487387765749967	13.269069919682442
6.166666666666667	8.364584732883861	-1.6950675291499444	13.291242017268976
6.2	8.380734193137924	-1.6407424722197326	13.3124167882097
6.233333333333333	8.396035962815326	-1.5858092428090662	13.332675537724596
6.266666666666667	8.410518096176814	-1.530311744810763	13.35209995673746
6.3	8.424207163763201	-1.4742921327124987	13.370771849687591
6.333333333333333	8.437127766288702	-1.4177905697069069	13.388772808430378
6.366666666666666	8.449302639578871	-1.3608455295476682	13.406184034491607
6.4	8.460752417696234	-1.3034937095656984	13.423086187413404
6.433333333333334	8.471495440369491	-1.245770001185765	13.439559180792989
6.466666666666667	8.481548078309897	-1.1877077994260106	13.455682171998959
6.5	8.49092439845781	-1.1293387896508895	13.471533307288015
6.533333333333333	8.499636684428935	-1.0706932730536118	13.487189610494681
6.566666666666666	8.507695387708432	-1.0118000804782783	13.502726745437254
6.6	8.515109533834721	-0.9526866048393002	13.518218437440412
6.633333333333333	8.521887156454326	-0.8933790313198984	13.53373649304463
6.666666666666667	8.52803580352521	-0.8339019935365387	13.549349219034474
6.7	8.533563106176878	-0.7742790422147663	13.565121960385142
6.733333333333333	8.53847792680599	-0.7145320288210344	13.581114098753757
6.766666666666667	8.542790674285794	-0.6546816491556302	13.597380136008605
6.8	8.546515328879028	-0.5947467287045574	13.61396546231527
6.833333333333333	8.549669594526723	-0.5347446355675142	13.630907312618406
6.866666666666666	8.55227679797397	-0.4746908133106308	13.648231370911537
6.8999999999999995	8.554367223369704	-0.4145986752210547	13.665950005040672
6.933333333333334	8.555978647460966	-0.35447962562248136	13.684061760785115
6.966666666666667	8.557157338290335	-0.29434292560626496	13.702549906629638
7.	8.557959015664627	-0.2341955790141943	13.721381071506599
7.033333333333333	8.558447931912257	-0.1740426187021254	13.740507071903547
7.066666666666666	8.558696411031002	-0.11388725430917163	13.759865836466266
7.1	8.558783880971289	-0.0537311209194176	13.779383160600329
7.133333333333333	8.558794226624086	0.0064251209282859476	13.79897726254168
7.166666666666667	8.558813818977352	0.066581354956672	13.81856214234634
7.2	8.55892874009689	0.12673740337502243	13.8380522911334
7.233333333333333	8.559222174366353	0.18689245209300773	13.857367116010046
7.266666666666667	8.5597720538852	0.24704453682499206	13.876434961889274
7.3	8.560649194715994	0.30719010850304757	13.895196342772994
7.333333333333333	8.561916059386865	0.3673237260627035	13.91360616545708
7.366666666666666	8.563626160976629	0.4274378659129059	13.931634922177533
7.3999999999999995	8.56582406574801	0.4875228435858041	13.949268921757334
7.433333333333334	8.568545897166342	0.5475668274712897	13.966509715517514
7.466666666666667	8.57182021406738	0.6075559197718445	13.983372922734178
7.5	8.575669139085292	0.6674742855261196	13.999886641300773
7.533333333333333	8.580109505974749	0.7273042487918201	14.016089922295468
7.566666666666666	8.585154286212088	0.7870264973865763	14.03203061744904
7.6	8.590813665328264	0.8466202037415882	14.047763840220803
7.633333333333333	8.597096020029591	0.9060630321410302	14.063350830172489
7.666666666666667	8.604008975278266	0.9653312724693934	14.07885736089583
7.7	8.611560112996761	1.0243999104792163	14.094352703798315
7.733333333333333	8.61975761406013	1.083242563733598	14.109908999140355
7.766666666666667	8.628610821896567	1.141831469165121	14.125600542704852
7.8	8.638130542875686	1.2001375163995769	14.14150324864937
7.833333333333333	8.648329339743048	1.2581301721278395	14.157694378312463
7.866666666666666	8.659221943374337	1.3157772597024453	14.174252383461402
7.8999999999999995	8.670824959199221	1.3730452051423983	14.19125652088872
7.933333333333334	8.683157334699505	1.4298986478764006	14.20878692875954
7.966666666666667	8.696240152526395	1.4863005173190906	14.226924371013435
8.	8.71009644170789	1.5422120904620464	14.245750138938343
8.033333333333333	8.724751422224994	1.5975926026218146	14.26534590952079
8.066666666666666	8.740231845462153	1.6523996887447878	14.285793472605286
8.1	8.756566139763713	1.7065889942661767	14.307174491517312
8.133333333333333	8.773783866996755	1.7601144388440428	14.329570039369834
8.166666666666666	8.791915406844586	1.81292835803236	14.35306032040737
8.2	8.81099152823632	1.864981401318948	14.377723727141566
8.233333333333333	8.831042870740754	1.9162230977581713	14.403636683696403
8.266666666666666	8.852099271958883	1.9666017886222678	14.430872155814138
8.3	8.874189302868244	2.016065284214696	14.459499523750626
8.333333333333334	8.89733936752689	2.0645610808297548	14.489582874114085
8.366666666666667	8.921573151263262	2.112037004890372	14.52118047252716
8.4	8.94691094685933	2.158441664168851	14.554343702297967
8.433333333333334	8.973368581179393	2.2037252377840106	14.589115371871017
8.466666666666667	9.000957076199098	2.247840086974473	14.625529363574305
8.5	9.029682193904275	2.290741317300351	14.663609978654703
8.533333333333333	9.059543367892093	2.332387861219831	14.703370197345714
8.566666666666666	9.090533861755658	2.3727429149849026	14.744812096726513
8.6	9.122640692937596	2.4117744170671505	14.78792679145969
8.633333333333333	9.155844011196452	2.449456166717468	14.83269340946849
8.666666666666666	9.190117842746893	2.4857678654333433	14.879080416899114
8.7	9.225430497892459	2.5206952981542403	14.92704632749326
8.733333333333333	9.261744601361785	2.5542311745592317	14.97653972715009
8.766666666666666	9.299018242030414	2.5863746729172226	15.027501226185004
8.8	9.3372057128117	2.617131260318003	15.079864693436045
8.833333333333334	9.376258131817147	2.646512891743003	15.13355825258357
8.866666666666667	9.41612451646633	2.674537386024677	15.188506074182305
8.9	9.456752623502968	2.701227970617131	15.244629761149177
8.933333333333334	9.498089768758362	2.726612746165945	15.301849702149662
8.966666666666667	9.5400835757566	2.7507240965371293	15.360086309634665
9.	9.582682650018667	2.7735980731330265	15.41926113571247
9.033333333333333	9.625837158588016	2.7952737542029524	15.479297836090387
9.066666666666666	9.66949926771065	2.815792584795875	15.540122909743392
9.1	9.713623526466925	2.8351977993664845	15.601666341099088
9.133333333333333	9.758166992112052	2.8535338319146097	15.663861843068174
9.166666666666666	9.80308958534944	2.8708458699236825	15.726647434688743
9.2	9.848354054260982	2.8871793344525107	15.789965423292863
9.233333333333333	9.893925916664974	2.9025795209404137	15.853762339280069
9.266666666666666	9.939773536758425	2.9170912539183185	15.917989072081905
9.3	9.985868055911899	2.930758565788674	15.982600780332838
9.333333333333334	10.032183144344858	2.9436245086650463	16.047556520499317
9.366666666666667	10.078694909143152	2.955730972511554	16.112819112638135
9.4	10.125381833894107	2.9671184750014516	16.17835505440161
9.433333333333334	10.172224566478683	2.9778260574890267	16.244134198049863
9.466666666666667	10.219205562370718	2.987891390265455	16.310129200107866
9.5	10.266309329175714	2.997350370249014	16.37631590506171
9.533333333333333	10.313521815423137	3.006237501240627	16.442672397671764
9.566666666666666	10.360830603383755	3.014585570508709	16.509179304281588
9.6	10.408224614885825	3.0224257862222483	16.575819337066452
9.633333333333333	10.455693919658216	3.0297879123948777	16.642576996075572
9.666666666666666	10.503229823307594	3.0366999969794004	16.709438707513243
9.7	10.550824490476312	3.0431887930517565	16.77639223690653
9.733333333333333	10.598471053347394	3.049279494447214	16.843426858713194
9.766666666666666	10.646163413470235	3.0549959304042016	16.9105330477771
9.8	10.693896127661619	3.06036070722495	16.977702301421722
9.833333333333334	10.741664488345732	3.0653949224128847	17.044927265215218
9.866666666666667	10.789464200179468	3.0701187793513345	17.112201228231665
9.9	10.837291603302393	3.074550985832682	17.179518471916378
9.933333333333334	10.88514334678876	3.078709472660316	17.246873760145068
9.966666666666667	10.933016581230806	3.082610819671112	17.31426264010184
10.	10.980908698953511	3.0862709054156823	17.381681036595758
10.033333333333333	11.028817482977608	3.0897044026961327	17.449125484773425
10.066666666666666	11.076740908212443	3.0929253455720813	17.51659281960129
10.1	11.124677250583979	3.0959467064463526	17.584080346377824
10.133333333333333	11.172624940114787	3.0987808702731177	17.651585611199575
10.166666666666666	11.220582636360392	3.1014392980412118	17.719106518855465
10.2	11.268549123813125	3.1039329062994683	17.786641169383984
10.233333333333333	11.3165233605223	3.1062718150857807	17.854187934069174
10.266666666666666	11.364504406465239	3.108465637377075	17.921745343500316
10.3	11.412491450286122	3.110523315711563	17.98931212936998
10.333333333333334	11.46048375978428	3.1124533485376062	18.05688714708874
10.366666666666667	11.50848073011167	3.114263457311303	18.124469451136367
10.4	11.556481775610031	3.1159612422608585	18.19205812598993
10.433333333333334	11.60448640808884	3.1175536514470465	18.25965240847543
10.466666666666667	11.652494214452837	3.1190470787983253	18.32725165280193
10.5	11.70050479208493	3.1204478341657635	18.39485522956265
10.533333333333333	11.748517815643579	3.1217615916252726	18.46246263015573
10.566666666666666	11.796532999167141	3.122993675953156	18.530073407524263
10.6	11.844550067715208	3.1241493058486447	18.59768713184758
10.633333333333333	11.892568803915859	3.125233121088107	18.66530346330831
10.666666666666666	11.940589009123496	3.1262495605082994	18.73292209135164
10.7	11.988610497060026	3.127202921143134	18.80054272476199
10.733333333333333	12.036633121624588	3.1280970095728766	18.86816513513567
10.766666666666666	12.084656744687864	3.1289355265590837	18.93578910652745
10.8	12.132681241098364	3.1297219946881665	19.003414443281887
10.833333333333334	12.180706511786484	3.1304595503394013	19.071040990517968
10.866666666666667	12.228732460992982	3.1311512755110438	19.138668598529424
10.9	12.276759005158276	3.1318000486452258	19.20629713668264
10.933333333333334	12.324786076523054	3.132408463923641	19.273926499045068
10.966666666666667	12.372813608921886	3.1329790838278924	19.34155658217588
11.	12.420841546768889	3.1335142562896174	19.409187299174008
11.033333333333333	12.468869843416106	3.134016133561159	19.47681857711142
11.066666666666666	12.516898453360643	3.134486840844952	19.54445034485023
11.1	12.564927339652547	3.1349282929059243	19.61208254462397
11.133333333333333	12.61295647002316	3.135342279503231	19.679715125984675
11.166666666666666	12.66098581368199	3.135730547898044	19.74734804079527
11.2	12.709015345511029	3.1360946775940266	19.814981249786953
11.233333333333333	12.757045042760822	3.1364361701874413	19.882614717393817
11.266666666666666	12.805074885562124	3.136756431372739	19.950248412552707
11.3	12.853104856435039	3.1370567771821634	20.017882307935984
11.333333333333334	12.901134939872852	3.1373384474106363	20.085516379300834
11.366666666666667	12.949165122361656	3.137602600407376	20.153150605519905
11.4	12.997195391996822	3.1378503224947547	20.22078496798176
11.433333333333334	13.045225738230918	3.138082636390768	20.2884194501968
11.466666666666667	13.093256151876593	3.1383004966830277	20.356054037801695
11.5	13.141286624818783	3.1385048001524707	20.423688718109545
11.533333333333333	13.189317149884742	3.138696390083734	20.491323479906633
11.566666666666666	13.237347720823943	3.138876053660664	20.558958313421005
11.6	13.285378332108056	3.1390445308585817	20.626593210009798
11.633333333333333	13.333408978876614	3.1392025156378724	20.694228162074253
11.666666666666666	13.381439656859554	3.1393506581174497	20.761863162938646
11.7	13.429470362287406	3.1394895693384743	20.829498206709857
11.733333333333333	13.477501091870492	3.139619819701459	20.89713328824488
11.766666666666666	13.52553184268135	3.139741947576286	20.964768402966975
11.8	13.57356261218481	3.1398564534345885	21.03240354691271
11.833333333333334	13.621593398107285	3.139963811475909	21.100038716527603
11.866666666666667	13.669624198494573	3.1400644608628183	21.167673908756502
11.9	13.717655011581817	3.1401588190795584	21.235309120840256
11.933333333333334	13.765685835861708	3.1402472715657717	21.302944350422376
11.966666666666667	13.813716669965437	3.140330185643207	21.370579595362884
12.	13.861747512729249	3.140407899693267	21.438214853842396
12.033333333333333	13.909778363064278	3.140480741018361	21.505850124158602
12.066666666666666	13.957809220101357	3.1405490012502457	21.573485404952653
12.1	14.00584008306831	3.140612956236987	21.641120695017356
12.133333333333333	14.053870951198892	3.140672880853709	21.708755993154774
12.166666666666666	14.10190182386396	3.140729023464766	21.776391298381313
12.2	14.14993270056147	3.1407816041971417	21.844026609912095
12.233333333333333	14.197963580792976	3.140830841887209	21.911661926967856
12.266666666666666	14.245994464094775	3.140876949601715	21.979297248823656
12.3	14.29402535013226	3.140920109833834	22.046932574956372
12.333333333333334	14.342056238584075	3.1409604956193795	22.114567904863602
12.366666666666667	14.390087129129821	3.140998279823519	22.18220323804444
12.4	14.438118021516692	3.1410336213336914	22.249838574103663
12.433333333333334	14.48614891554619	3.141066657833554	22.317473912730932
12.466666666666667	14.534179811014694	3.1410975254500078	22.385109253607915
12.5	14.582210707728594	3.141126358260014	22.452744596431927
12.533333333333333	14.630241605552511	3.1411532719169695	22.52037994099132
12.566666666666666	14.678272504359075	3.141178372945834	22.58801528708696
12.6	14.72630340401964	3.1412017678489046	22.655650634517727
12.633333333333333	14.774334304426002	3.141223556835389	22.723285983114458
12.666666666666666	14.822365205498768	3.1412438245414407	22.790921332753037
12.7	14.870396107156514	3.1412626534674146	22.85855668330616
12.733333333333333	14.918427009320373	3.141280125757265	22.926192034650526
12.766666666666666	14.96645791193616	3.1412963136491805	22.993827386701433
12.8	15.014488814953323	3.1413112784538186	23.06146273937984
12.833333333333334	15.06251971831965	3.1413250809207955	23.129098092604128
12.866666666666667	15.110550621982943	3.1413377817997277	23.196733446292683
12.9	15.158581525900555	3.1413494386508094	23.264368800378836
12.933333333333334	15.206612430051978	3.141360094742848	23.33200415483052
12.966666666666667	15.254643334408774	3.141369790359107	23.399639509603286
13.	15.302674238942137	3.141378565832978	23.46727486465209
13.033333333333333	15.350705143623378	3.1413864614607725	23.534910219932083
13.066666666666666	15.398736048433664	3.1413935117132867	23.602545575413824
13.1	15.446766953358726	3.1413997410529158	23.670180931075006
13.133333333333333	15.49479785838131	3.14140517324328	23.73781628688865
13.166666666666666	15.54282876348416	3.1414098320480006	23.805451642827776
13.2	15.590859668650856	3.1414137407418443	23.87308699886672
13.233333333333333	15.638890573871668	3.1414169146245654	23.940722354990275
13.266666666666666	15.686921479135552	3.141419363156857	24.00835771118116
13.299999999999999	15.734952384430681	3.1414210957399282	24.075993067420896
13.333333333333334	15.782983289745232	3.141422121774989	24.143628423690995
13.366666666666667	15.831014195068626	3.141422448978488	24.211263779974917
13.4	15.879045100392151	3.1414220759100147	24.278899136259046
13.433333333333334	15.92707600570512	3.1414209982885275	24.346534492526672
13.466666666666667	15.975106910996777	3.1414192118455215	24.41416984876098
13.5	16.023137816256384	3.1414167122981715	24.48180520494518
13.533333333333333	16.07116872147365	3.141413491407955	24.54944056106319
13.566666666666666	16.119199626635922	3.1414095320931814	24.617075917095217
13.6	16.167230531729505	3.1414048161204517	24.68471127301986
13.633333333333333	16.215261436740708	3.1413993252563657	24.75234662881571
13.666666666666666	16.26329234165562	3.141393040672077	24.819981984461023
13.7	16.311323246456748	3.1413859352048914	24.887617339928447
13.733333333333333	16.35935415112408	3.141377977034857	24.95525269518669
13.766666666666666	16.407385055637583	3.141369134488093	25.02288805020445
13.799999999999999	16.45541595997457	3.1413593731534766	25.090523404946246
13.833333333333334	16.503446864106206	3.1413486501212486	25.158158759366994
13.866666666666667	16.551477768003153	3.1413369209227024	25.225794113420843
13.9	16.59950867163495	3.1413241403687913	25.293429467060157
13.933333333333334	16.64753957496057	3.1413102544376956	25.361064820220804
13.966666666666667	16.695570477934968	3.1412952035642885	25.428700172832347
14.	16.743601380513223	3.1412789281154003	25.496335524824577
14.033333333333333	16.79163228264089	3.141261362996388	25.563970876112364
14.066666666666666	16.839663184248842	3.1412424317586067	25.631606226587635
14.1	16.88769408526768	3.1412220567337754	25.6992415761419
14.133333333333333	16.935724985623924	3.1412001585483633	25.766876924660284
14.166666666666666	16.98375588521705	3.141176643840904	25.83451227198562
14.2	17.031786783938983	3.141151413051311	25.90214761794895
14.233333333333333	17.07981768168153	3.1411243665187225	25.969782962381128
14.266666666666666	17.127848578308992	3.141095394359987	26.037418305070005
14.299999999999999	17.1758794736538	3.1410643712773783	26.1050536457536
14.333333333333334	17.223910367548385	3.141031170969809	26.17268898416995
14.366666666666667	17.27194125981124	3.140995663307295	26.240324320035285
14.4	17.319972150193802	3.1409576959274528	26.307959652961006
14.433333333333334	17.368003038434797	3.14091710948124	26.375594982538647
14.466666666666667	17.416033924270884	3.140873744183644	26.443230308356497
14.5	17.4640648073618	3.1408274216715184	26.51086562988261
14.533333333333333	17.512095687300455	3.1407779426088953	26.57850094648053
14.566666666666666	17.560126563680857	3.14072510688526	26.64613625751555
14.6	17.608157436051172	3.1406687061728973	26.713771562281288
14.633333333333333	17.656188303798107	3.1406084973541812	26.781406859818915
14.666666666666666	17.70421916628908	3.1405442295921335	26.84904214913948
14.7	17.752250022880258	3.140475650574202	26.91667742923642
14.733333333333333	17.800280872719032	3.140402475117393	26.984312698776783
14.766666666666666	17.848311714817218	3.140324389899123	27.05194795621567
14.799999999999999	17.896342548190628	3.1402410811175514	27.11958320001441
14.833333333333334	17.944373371708725	3.140152217902021	27.187218428405554
14.866666666666667	17.99240418386482	3.140057416230401	27.25485363903357
14.9	18.040434983126367	3.1399562838294934	27.322488829502504
14.933333333333334	18.08846576791352	3.1398484243542333	27.390123997342457
14.966666666666667	18.136496536094533	3.1397333847471285	27.45775913922071
15.	18.18452728527321	3.139610675087467	27.525394251391084
15.033333333333333	18.232558013062853	3.139479805302449	27.593029330122274
15.066666666666666	18.28058871663948	3.1393402499162817	27.660664370999317
15.1	18.328619392388084	3.1391914108883223	27.728299368370596
15.133333333333333	18.376650036662245	3.139032684325972	27.79593431653536
15.166666666666666	18.42468064516817	3.138863422764004	27.86356920878079
15.2	18.472711212766995	3.1386829106933436	27.931204037072884
15.233333333333333	18.52074173421523	3.138490423935766	27.99883879321409
15.266666666666666	18.56877220301766	3.138285166239756	28.06647346704993
15.299999999999999	18.616802611741917	3.1380662754257753	28.13410804696079
15.333333333333334	18.664832952719593	3.137832877436482	28.201742520958046
15.366666666666667	18.712863216189753	3.1375839947071813	28.26937687378167
15.4	18.760893391469818	3.1373185920260416	28.33701108873075
15.433333333333334	18.808923467229715	3.1370356097577345	28.4046451480921
15.466666666666667	18.856953428921386	3.136733851657256	28.472279029121637
15.5	18.90498326122267	3.13641207698601	28.539912707865028
15.533333333333333	18.953012947215157	3.1360689922468077	28.60754615787245
15.566666666666666	19.00104246575138	3.1357031500606634	28.67517934608245
15.6	19.049071794733198	3.135313067282965	28.74281223794736
15.633333333333333	19.097100907438428	3.1348971207324534	28.810444791690404
15.666666666666666	19.145129774787385	3.134453605029877	28.87807696184916
15.7	19.19315836319431	3.133980702138232	28.94570869591658
15.733333333333333	19.241186633788395	3.1334764426808115	29.01333993312314
15.766666666666666	19.289214544497707	3.132938786390304	29.080970607694837
15.799999999999999	19.337242044062236	3.132365478721579	29.14860063949336
15.833333333333334	19.385269078420272	3.131754198471146	29.21622994400035
15.866666666666667	19.433295581899177	3.13110240181838	29.283858418545517
15.9	19.48132148316656	3.1304074174788976	29.351485951610318
15.933333333333334	19.52934670094698	3.1296664124141866	29.419112416131874
15.966666666666667	19.577371137451667	3.1288762708023974	29.48673765923129
16.	19.6253946913591	3.128033819153356	29.554361522506827
16.03333333333333	19.673417238223116	3.1271355495060313	29.621983811405382
16.066666666666666	19.721438638763562	3.126177741053962	29.68960430818342
16.1	19.769458742383	3.1251565340216176	29.75722277740512
16.133333333333333	19.817477362669365	3.124067629367364	29.824838927645406
16.166666666666668	19.865494304522187	3.122906624435318	29.892452453896606
16.2	19.91350933651643	3.1216687408986146	29.960062994365817
16.233333333333334	19.961522190375334	3.1203488175134004	30.027670129650577
16.266666666666666	20.009532583367545	3.1189415641394547	30.09527341775254
16.3	20.057540162801704	3.1174410772959784	30.162872307309478
16.333333333333332	20.10554455160998	3.115841239768619	30.230466208852835
16.366666666666667	20.153545321160788	3.1141355537627327	30.298054452311195
16.4	20.201541955189903	3.112316871235323	30.365636230627405
16.433333333333334	20.249533923029517	3.110377942119048	30.433210714229517
16.466666666666665	20.297520566092373	3.1083107232372336	30.50077687359648
16.5	20.345501122014092	3.1061065364243756	30.568333516993757
16.53333333333333	20.393474823181467	3.103756669329189	30.635879444482512
16.566666666666666	20.441440743453573	3.101251580498893	30.70341320835256
16.6	20.48939773234145	3.098580642843435	30.770933010253167
16.633333333333333	20.537344623237733	3.095733156707423	30.838437026641905
16.666666666666668	20.585280124305818	3.0926978630975785	30.90592323827518
16.7	20.63320254568721	3.0894619119741744	30.973389003919046
16.733333333333334	20.681110122182567	3.0860121766156032	31.04083156460619
16.766666666666666	20.729001009332308	3.0823352370197683	31.108248037530185
16.8	20.776872785843654	3.078415777649193	31.17563463866448
16.833333333333332	20.82472278518121	3.0742377386861777	31.242987200837373
16.866666666666667	20.8725482795079	3.0697848852183673	31.310301461128965
16.9	20.92034586315548	3.0650391504882544	31.377572097938014
16.933333333333334	20.96811172077157	3.0599814308936706	31.444793149814174
16.966666666666665	21.015841731236502	3.054591939055999	31.511958177958114
17.	21.063530878256376	3.048848915945972	31.579059345975427
17.03333333333333	21.11117388442857	3.0427300646171322	31.646088409882225
17.066666666666666	21.158764503446324	3.0362112994011614	31.71303561384997
17.1	21.206295839477427	3.0292673823223413	31.779890188660517
17.133333333333333	21.25375995191211	3.0218714003793594	31.84663973573728
17.166666666666668	21.301148121556658	3.013995255697351	31.913270642536688
17.2	21.348450245570515	3.0056089722501493	31.9797671403756
17.233333333333334	21.39565527775294	2.996681362917468	32.04611199098842
17.266666666666666	21.442750565352235	2.9871793892077383	32.11228545511656
17.3	21.489722055920133	2.977068551218053	32.17826561604359
17.333333333333332	21.536554048355267	2.9663127521079122	32.24402799367779
17.366666666666667	21.5832288966747	2.9548742457878507	32.30954508732867
17.4	21.62972710670751	2.9427138874075323	32.37478652894334
17.433333333333334	21.676026977425863	2.929791037230573	32.43971852998831
17.466666666666665	21.722104401733382	2.916063705337307	32.50430357980014
17.5	21.767932986748256	2.9014888097790497	32.5685006375024
17.53333333333333	21.813483584103416	2.88602220512194	32.63226441488188
17.566666666666666	21.858724306041715	2.869619036091021	32.69554541614647
17.6	21.903620637854786	2.852233997633789	32.758290121848646
17.633333333333333	21.94813499286493	2.833821647225425	32.820440328085695
17.666666666666668	21.992227044168736	2.814336883223669	32.88193368324397
17.7	22.035853816542225	2.7937352666717894	32.942703850570226
17.733333333333334	22.078969535102228	2.771973726548661	33.00268033317447
17.766666666666666	22.121526258573507	2.7490109812067205	33.06178948093397
17.8	22.163474011388974	2.7248080963746784	33.11995474325004
17.833333333333332	22.20476131813627	2.699329307460258	33.17709757707626
17.866666666666667	22.245335755322635	2.6725425128972597	33.233138351561315
17.9	22.28514464271403	2.6444199387762	33.28799749661498
17.933333333333334	22.32413579863672	2.614938732182158	33.34159675225782
17.966666666666665	22.36225836302725	2.5840814976332074	33.39386052771384
18.	22.3994636870417	2.5518367837209555	33.44471737107059
18.03333333333333	22.435706208085314	2.518199412522881	33.49410141211113
18.066666666666666	22.470944410963064	2.4831708379921653	33.54195396178949
18.1	22.505141393413297	2.4467589348337317	33.5882244320928
18.133333333333333	22.53826567194612	2.4089781236677146	33.632871694763246
18.166666666666668	22.570291755533265	2.369849241583596	33.67586505789195
18.2	22.60120045060879	2.3293990600608794	33.71718479324099
18.233333333333334	22.63097904080675	2.287659844885707	33.75682248245569
18.266666666666666	22.659621289717517	2.2446687820926274	33.7947810795174
18.3	22.687127248636678	2.2004673219291613	33.83107466529878
18.333333333333332	22.71350290477515	2.155100478012184	33.865727951279176
18.366666666666667	22.73875968007723	2.1086161041278686	33.898775545392596
18.4	22.76291387732383	2.061064195009852	33.930261159573035
18.433333333333334	22.785985921917096	2.0124961756690807	33.96023644873152
18.466666666666665	22.807999802272573	1.9629642857259997	33.988760300904225
18.5	22.828982042257557	1.9125210012417722	34.015897097398586
18.53333333333333	22.848961352806853	1.861218530873108	34.041716517494095
18.566666666666666	22.8679676773174	1.8091083671810972	34.066291982386566
18.6	22.886031656421075	1.7562410413881437	34.08969983570941
18.633333333333333	22.90318404520123	1.7026656443785981	34.11201884063884
18.666666666666668	22.91945518052728	1.648429815736221	34.133329153671305
18.7	22.934874597644953	1.593579541113065	34.15371194655657
18.733333333333334	22.949470503010854	1.538158904088871	34.1732489016649
18.766666666666666	22.963269687194746	1.4822103131539628	34.19202181039462
18.8	22.97629710240179	1.425774264615962	34.21011232640513
18.833333333333332	22.988575668342815	1.368889392474885	34.22760169637931
18.866666666666667	23.0001263812945	1.311592692727731	34.24457067598936
18.9	23.01096792109215	1.2539193160278106	34.261099305630985
18.933333333333334	23.021116818009713	1.1959027794191741	34.277266801753036
18.966666666666665	23.030587631274276	1.137575136028523	34.29315155730644
19.	23.039392709425528	1.0789667414192377	34.30883065282934
19.03333333333333	23.04754289905113	1.0201067550267346	34.32438008505899
19.066666666666666	23.055047282748262	0.9610226658088904	34.33987376439403
19.1	23.061914088218593	0.9017409007243682	34.35538388804306
19.133333333333333	23.068150829250676	0.8422862771390498	34.37097929297034
19.166666666666668	23.073765156256044	0.7826824904017786	34.386725682097264
19.2	23.078765575802223	0.7229516887550754	34.40268364440474
19.233333333333334	23.083162441993082	0.6631146398423359	34.418907937037254
19.266666666666666	23.08696885808418	0.6031905602418461	34.43544600400297
19.3	23.090202193300687	0.5431969336434735	34.45233577035296
19.333333333333332	23.092884795128793	0.48314952422635116	34.46960488945849
19.366666666666667	23.09504581860787	0.4230620570389474	34.487267839377694
19.4	23.096722127729862	0.36294617374042115	34.50532483081508
19.433333333333334	23.097958615406426	0.3028114760052699	34.523761585734796
19.466666666666665	23.098809638192712	0.24266528681288901	34.542547113763305
19.5	23.0993384161383	0.18251287441967023	34.56163501531692
19.53333333333333	23.099616089688237	0.12235771367674969	34.58096524870015
19.566666666666666	23.099721240380955	0.06220162611858618	34.60046505174211
19.6	23.099737246958053	0.0020453830891987226	34.620053501203834
19.633333333333333	23.099750297551193	-0.058110860036173655	34.63964490723822
19.666666666666668	23.099846670784373	-0.11826696773232018	34.65915342790332
19.7	23.100110108796848	-0.17842224793954645	34.678497523171956
19.733333333333334	23.100619416419406	-0.23857492892857232	34.69760405043671
19.766666666666666	23.10144649918568	-0.29872170548627835	34.716411655487775
19.8	23.102655043033515	-0.3588574164986312	34.73487312890089
19.833333333333332	23.10429983292833	-0.41897483841389144	34.752956735625105
19.866666666666667	23.106426676901396	-0.4790645925204269	34.770646571992955
19.9	23.10907284479232	-0.5391151468936529	34.78794209606132
19.933333333333334	23.11226789895124	-0.5991128888594528	34.80485702939569
19.966666666666665	23.116034769612398	-0.6590422347891046	34.8214178810371
20.	23.120391015244056	-0.718885782044901	34.83766214085303