0.	3.4212190135193225e-21	-3.141582653589793	1.5707963267948966
0.03333333333333333	0.03910675551210958	-3.141581322301057	1.6418269643596695
0.06666666666666667	0.07821351102269913	-3.1415799427208264	1.7128576019222543
0.1	0.11732026653176866	-3.1415785148487076	1.783888239482651
0.13333333333333333	0.1564270220391186	-3.1415770344108402	1.854918877040572
0.16666666666666666	0.19553377754409376	-3.1415754873788955	1.9259495145950745
0.2	0.23464053304664304	-3.1415738726566094	1.9969801521460846
0.23333333333333334	0.2737472885466922	-3.1415721889990147	2.068010789693496
0.26666666666666666	0.3128540440432743	-3.1415704201788692	2.139041427235916
0.3	0.3519607995360915	-3.141568561194958	2.2100720647729166
0.3333333333333333	0.3910675550251436	-3.1415666120472676	2.281102702304497
0.36666666666666664	0.43017431050992627	-3.1415645670588734	2.352133339829931
0.4	0.46928106598943664	-3.1415624136590092	2.4231639773477753
0.43333333333333335	0.5083878214629227	-3.141560141461987	2.4941946148569474
0.4666666666666667	0.5474945769296327	-3.1415577400821193	2.5652252523563646
0.5	0.586601332388652	-3.1415551993384034	2.636255889844711
0.5333333333333333	0.625708087838607	-3.1415525096266386	2.707286527320009
0.5666666666666667	0.6648148432784329	-3.141549660954852	2.778317164780725
0.6	0.7039215987070924	-3.141546643296069	2.8493478022253664
0.6333333333333333	0.743028354123427	-3.1415434461870273	2.9203784396522656
0.6666666666666666	0.7821351095249418	-3.14154005434947	2.9914090770578303
0.7	0.8212418649095973	-3.1415364541472486	3.0624397144391255
0.7333333333333333	0.8603486202756263	-3.1415326329245916	3.1334703517936067
0.7666666666666666	0.899455375621255	-3.1415285780046993	3.20450098911872
0.8	0.9385621309429077	-3.141524271291199	3.275531626409319
0.8333333333333334	0.9776688862365372	-3.1415196932680614	3.346562263659577
0.8666666666666667	1.016775641499107	-3.1415148274602283	3.417592900865122
0.9	1.0558823967275803	-3.1415096573926427	3.4886235380215833
0.9333333333333333	1.0949891519181434	-3.1415041650490694	3.559654175123471
0.9666666666666667	1.1340959070640588	-3.1414983260410203	3.6306848121610855
1.	1.1732026621586327	-3.141492115533839	3.7017154491247903
1.0333333333333332	1.212309417195212	-3.141485508766178	3.772746086005009
1.0666666666666667	1.2514161721671457	-3.1414784809766902	3.8437767227921658
1.1	1.2905229270664897	-3.141471006400131	3.914807359474826
1.1333333333333333	1.3296296818814877	-3.1414630537729904	3.9858379960360644
1.1666666666666667	1.368736436600136	-3.141454589959082	4.0568686324586025
1.2	1.4078431912104377	-3.141445581820647	4.1278992687251685
1.2333333333333334	1.4469499457003943	-3.1414359962185965	4.19892990481849
1.2666666666666666	1.486056700054003	-3.141425796905456	4.269960540715531
1.3	1.5251634542490415	-3.1414149405117597	4.340991176384301
1.3333333333333333	1.5642702082637412	-3.141403382987849	4.412021811793462
1.3666666666666667	1.6033769620763356	-3.141391080284065	4.48305244691168
1.4	1.6424837156649181	-3.141377988268946	4.55408308170742
1.4333333333333333	1.6815904689975238	-3.1413640557293188	4.625113716134665
1.4666666666666666	1.7206972220329593	-3.1413492227478046	4.696144350134116
1.5	1.759803974731144	-3.1413334294998445	4.767174983648074
1.5333333333333332	1.798910727051996	-3.14131661616088	4.838205616618838
1.5666666666666667	1.8380174789545425	-3.141298722514772	4.909236248987427
1.6	1.877124230375754	-3.141279676808932	4.980266880663105
1.6333333333333333	1.9162309812400975	-3.1412593976732652	5.051297511537138
1.6666666666666667	1.955337731473821	-3.1412378040011055	5.122328141503355
1.7	1.9944444810031716	-3.141214814685786	5.193358770455585
1.7333333333333334	2.0335512297506972	-3.141190347385935	5.264389398282331
1.7666666666666666	2.0726579775932907	-3.141164301677781	5.335420024806372
1.8	2.1117647243927467	-3.1411365671966447	5.406450649828754
1.8333333333333333	2.150871470013394	-3.141107034006704	5.477481273154169
1.8666666666666667	2.189978214319562	-3.141075592172137	5.548511894587312
1.9	2.2290849571640248	-3.1410421284323222	5.619542513916243
1.9333333333333333	2.268191698316011	-3.1410065031316114	5.69057313080875
1.9666666666666666	2.3072984375302403	-3.140968569321218	5.761603744911741
2.	2.346405174564244	-3.1409281806973897	5.832634355876165
2.033333333333333	2.3855119091560977	-3.1408851870031227	5.9036649633249665
2.0666666666666664	2.4246186409377892	-3.140839411855658	5.9746955667283705
2.1	2.4637253695194343	-3.1407906697766634	6.045726165525115
2.1333333333333333	2.502832094512307	-3.140738775394245	6.116756759155605
2.1666666666666665	2.541938815476402	-3.140683534809682	6.187787346986427
2.2	2.5810455317935546	-3.1406247185566647	6.258817928127696
2.2333333333333334	2.6201522428307324	-3.1405620901631637	6.329848501668124
2.2666666666666666	2.659258947955712	-3.1404954132469767	6.400879066697587
2.3	2.698365646418167	-3.140424435752886	6.471909622135946
2.3333333333333335	2.737472337197494	-3.140348861619486	6.542940166513981
2.3666666666666667	2.776579019266355	-3.1402683894486265	6.613970698352778
2.4	2.8156856915964186	-3.1401827177431674	6.685001216171993
2.433333333333333	2.8547923529123325	-3.1400915170409287	6.756031718135682
2.466666666666667	2.893899001577718	-3.1399944107300177	6.827062201888179
2.5	2.9330056359618033	-3.139891020454932	6.898092665081892
2.533333333333333	2.9721122542565626	-3.1397809524189673	6.969123105114063
2.5666666666666664	3.0112188541259806	-3.139663757961039	7.040153518621861
2.6	3.0503254331691076	-3.1395389775430105	7.11118390214898
2.6333333333333333	3.089431988809322	-3.139406139328404	7.182214251986221
2.6666666666666665	3.128538517645088	-3.139264703665591	7.2532445632368825
2.7	3.1676450161036986	-3.1391141102055484	7.324274830757844
2.7333333333333334	3.2067514804674526	-3.1389537904170615	7.3953050491972645
2.7666666666666666	3.2458579058512114	-3.1387830990908476	7.466335211522714
2.8	3.2849642869425417	-3.1386013533257793	7.537365310086647
2.8333333333333335	3.32407061833029	-3.13840786542759	7.60839533709941
2.8666666666666667	3.3631768930483723	-3.1382018661903803	7.679425282532948
2.9	3.4022831032073766	-3.1379825244260653	7.750455135030032
2.933333333333333	3.4413892408705227	-3.1377490055094683	7.821484883165242
2.966666666666667	3.48049529622713	-3.137500393142148	7.892514512815601
3.	3.5196012578088256	-3.137235688191645	7.96354400747181
3.033333333333333	3.5587071136925243	-3.136953874000634	8.034573349969996
3.0666666666666664	3.597812849117635	-3.1366538233414514	8.105602519061598
3.1	3.636918448360616	-3.1363343631561182	8.176631492111847
3.1333333333333333	3.6760238934810383	-3.135994252670096	8.24766024329471
3.1666666666666665	3.7151291630399954	-3.1356321266904437	8.318688741748
3.2	3.7542342348060784	-3.135246594182473	8.389716955468705
3.2333333333333334	3.7933390813425363	-3.134836120598329	8.460744844960665
3.2666666666666666	3.832443672738734	-3.134399088508984	8.531772367166504
3.3	3.8715479759546136	-3.1339338118071267	8.602799474524076
3.3333333333333335	3.910651950582099	-3.1334384192876503	8.673826108864995
3.3666666666666667	3.949755554810404	-3.1329110010352963	8.744852210001667
3.4	3.988858737967853	-3.132349473426529	8.815877704991559
3.433333333333333	4.027961443205412	-3.1317516084230745	8.886902511999914
3.466666666666667	4.0670636095259916	-3.1311151075555763	8.957926543221136
3.5	4.106165162005693	-3.130437426535577	9.028949690802847
3.533333333333333	4.145266020799141	-3.1297159350570234	9.099971839808596
3.5666666666666664	4.184366090893011	-3.1289477683282727	9.17099285346921
3.6	4.223465269811567	-3.128129943227682	9.242012584274162
3.6333333333333333	4.262563435685944	-3.1272592187283412	9.313030856799498
3.6666666666666665	4.3016604562195555	-3.126332204246287	9.38404748061203
3.6999999999999997	4.340756175713687	-3.1253452387943117	9.455062231596418
3.7333333333333334	4.379850423138807	-3.124294466686082	9.526074863571555
3.7666666666666666	4.418942999872064	-3.123175755200729	9.59708509064437
3.8	4.458033685051395	-3.1219847223528787	9.668092594914203
3.8333333333333335	4.497122227582655	-3.120716719093337	9.739097014974243
3.8666666666666667	4.5362083335689505	-3.1193667030089807	9.810097927819982
3.9	4.575291692962003	-3.117929497442385	9.881094887206066
3.933333333333333	4.614371923844474	-3.116399365012293	9.952087343472796
3.966666666666667	4.653448617564876	-3.114770363833661	10.023074708491897
4.	4.692521302650273	-3.1130361280990346	10.094056303756098
4.033333333333333	4.731589433832155	-3.111189796882244	10.165031344586657
4.066666666666666	4.7706524282424825	-3.1092242896265936	10.235998992222662
4.1	4.809709572171151	-3.1071317740186433	10.306958219701
4.133333333333333	4.848760112275894	-3.1049041962830137	10.377907943054451
4.166666666666667	4.8878031582991595	-3.1025328297156367	10.448846881440668
4.2	4.9268377022475685	-3.1000083687246773	10.519773584711768
4.233333333333333	4.965862651179792	-3.097321148938792	10.590686480622535
4.266666666666667	5.004876676043113	-3.094460515208594	10.661583657540099
4.3	5.0438783871016115	-3.091415570743187	10.732463116626256
4.333333333333333	5.082866110442472	-3.088174407636535	10.803322450820295
4.366666666666666	5.121837954200093	-3.084724333198526	10.87415893991633
4.4	5.160791942795324	-3.0810524060047633	10.944969743578222
4.433333333333334	5.199725593388274	-3.077144180496561	11.01575129340636
4.466666666666667	5.2386362219241365	-3.0729846077137557	11.086499732130763
4.5	5.2775209452223795	-3.0685581531697763	11.15721091713422
4.533333333333333	5.316376145947371	-3.063847476178732	11.227879653364052
4.566666666666666	5.355198032063837	-3.058834804367231	11.298500495260173
4.6	5.3939823332401495	-3.0535013850427473	11.36906731290481
4.633333333333333	5.432723976564965	-3.0478268550172523	11.439572828035434
4.666666666666667	5.47141754846813	-3.0417902372297276	11.510009275792743
4.7	5.510056623492118	-3.035368798441627	11.580367446259253
4.733333333333333	5.5486343207455295	-3.0285390771757568	11.65063747992701
4.766666666666667	5.587142591889293	-3.021275908571983	11.720807854809475
4.8	5.625572616853919	-3.0135530778943176	11.790865951546374
4.833333333333333	5.663914310188938	-3.005342767304788	11.860797353857572
4.866666666666666	5.702156515325372	-2.9966159559177816	11.930586129045034
4.9	5.740286662425184	-2.9873421113617686	12.000214345544133
4.933333333333334	5.778290673762176	-2.9774893020599116	12.069661948364882
4.966666666666667	5.816152970862818	-2.9670242766333708	12.138906771935998
5.	5.853856052297387	-2.955912331937347	12.207923960761924
5.033333333333333	5.8913805684823926	-2.9441175232181065	12.276686084668931
5.066666666666666	5.928705094778407	-2.931602674014254	12.345162835531962
5.1	5.965805856358494	-2.9183294544227554	12.413320669040713
5.133333333333333	6.002656743849511	-2.9042586107897788	12.481122852407553
5.166666666666667	6.0392291613913	-2.88935010472507	12.548529283001248
5.2	6.075491720386595	-2.8735633152256153	12.615496118995344
5.233333333333333	6.111410326651598	-2.856857374025774	12.681975954622748
5.266666666666667	6.14694818216372	-2.839191426701242	12.747917875765637
5.3	6.18206542734385	-2.8205250714647825	12.813267094590895
5.333333333333333	6.216719604368508	-2.8008187507487476	12.877965659812189
5.366666666666666	6.25086556508128	-2.780034208031927	12.941952462158655
5.4	6.284455602217332	-2.7581350969866785	13.005163603100758
5.433333333333334	6.317439864280549	-2.7350874610916738	13.067533109048723
5.466666666666667	6.34976666734327	-2.7108603023365183	13.128993557191743
5.5	6.381382915232537	-2.6854263373442007	13.189476939410847
5.533333333333333	6.412234724020436	-2.6587625240431256	13.248915751671934
5.566666666666666	6.442268028731059	-2.63085054301111	13.30724406440951
5.6	6.471429254178741	-2.601677420065957	13.364398764948222
5.633333333333333	6.4996661335675565	-2.5712361710115323	13.420321065467828
5.666666666666667	6.526928436278273	-2.539525970716874	13.474957724204675
5.7	6.553168611371411	-2.506552345838183	13.528262175234737
5.733333333333333	6.578342807942557	-2.4723278846097676	13.580196497030736
5.766666666666667	6.602411108031448	-2.4368715890653347	13.630731669503644
5.8	6.625338215079541	-2.400209165273245	13.679848938718932
5.833333333333333	6.647093871555071	-2.362372805118437	13.727540612336025
5.866666666666666	6.667653085637909	-2.323400862027105	13.773810581298905
5.9	6.6869960580269465	-2.2833372744808145	13.818674247657297
5.933333333333334	6.705108078388071	-2.242231091820441	13.862158474778333
5.966666666666667	6.721979399925922	-2.2001360319793113	13.904301602618698
6.	6.737604806271829	-2.1571098403704982	13.945152873314022
6.033333333333333	6.751983002503469	-2.1132136028754944	13.984771490747724
6.066666666666666	6.765116069619511	-2.068511201705978	14.023225835774463
6.1	6.7770089734822	-2.0230688841344255	14.060593064042632
6.133333333333333	6.7876686982907115	-1.976954606010801	14.096957568375782
6.166666666666667	6.797103665018663	-1.930237635020236	14.132410023737803
6.2	6.805323164981763	-1.882988287107074	14.1670471872729
6.233333333333333	6.812336651964301	-1.8352774649714652	14.200970048471202
6.266666666666667	6.8181532883836224	-1.787176527586699	14.23428364631701
6.3	6.822781360439767	-1.7387570735182625	14.26709619889246
6.333333333333333	6.826228069975399	-1.6900908145601536	14.299518145667232
6.366666666666666	6.828498964101436	-1.6412495164660796	14.331661919934895
6.4	6.82959785332136	-1.5923049439407948	14.363641088578754
6.433333333333334	6.829526712613732	-1.5433288590190326	14.395569957272095
6.466666666666667	6.828285310886111	-1.494393018663061	14.427563051759448
6.5	6.825871587163757	-1.445569181951426	14.459734613599194
6.533333333333333	6.822281488515343	-1.3969291200820249	14.492198147730859
6.566666666666666	6.817509161372029	-1.3485445877423714	14.525065738501281
6.6	6.81154738116186	-1.3004872960030105	14.558447794101095
6.633333333333333	6.8043876395732585	-1.2528288181461127	14.592452028573568
6.666666666666667	6.796020752882869	-1.2056404518420902	14.627182982589762
6.7	6.786437227370373	-1.1589930940281494	14.662741502216951
6.733333333333333	6.775627896354631	-1.1129568719837382	14.699223158763601
6.766666666666667	6.763584431055829	-1.0676009751725082	14.736718293949181
6.8	6.750300012886229	-1.0229932075320203	14.775310516674105
6.833333333333333	6.735770161916431	-0.9791994177280252	14.815075465489299
6.866666666666666	6.719992958184729	-0.9362833560821193	14.85608107968961
6.8999999999999995	6.702970259973202	-0.8943056441054621	14.898385059127499
6.933333333333334	6.6847078848372545	-0.8533234924996865	14.942035193520129
6.966666666666667	6.665215968617368	-0.8133902710143196	14.987068905729675
7.	6.644510044225799	-0.7745542269020803	15.033511187161144
7.033333333333333	6.622610361997822	-0.7368588233423655	15.081376434608474
7.066666666666666	6.599542617161466	-0.7003416445679729	15.1306669875084
7.1	6.575337867919588	-0.6650338644423776	15.181373399734133
7.133333333333333	6.550031698633725	-0.6309607853414692	15.233476275573764
7.166666666666667	6.52366470622406	-0.5981403984688037	15.28694508021017
7.2	6.496281241033999	-0.5665843781538024	15.34174074295486
7.233333333333333	6.46792914300017	-0.5362976267856667	15.397815993784189
7.266666666666667	6.438658957141381	-0.5072785294516536	15.455116794929808
7.3	6.40852318309624	-0.4795192174461128	15.51358365721944
7.333333333333333	6.37757546434727	-0.45300609461589153	15.573153123844735
7.366666666666666	6.345869883472032	-0.4277203125902415	15.633759032307601
7.3999999999999995	6.313460276795292	-0.4036382536908002	15.695333724136258
7.433333333333334	6.280399571079977	-0.3807320802493065	15.757809220958068
7.466666666666667	6.246739256047799	-0.35897044927388605	15.821118242676615
7.5	6.2125289515146305	-0.33831909366828267	15.885195020952633
7.533333333333333	6.177816071093228	-0.3187414020370298	15.949975961024167
7.566666666666666	6.142645415787982	-0.3001989103145529	16.015400350886523
7.6	6.107059179648541	-0.2826519495619048	16.0814105525811
7.633333333333333	6.0710968092335635	-0.2660600352988872	16.147952296115253
7.666666666666667	6.034794789683344	-0.2503822954549467	16.214975069376074
7.7	5.998186859986158	-0.23557787754296763	16.282431931273365
7.733333333333333	5.961304083139147	-0.2216062171660695	16.35027947415319
7.766666666666667	5.924174754800186	-0.20842735576321386	16.418477999759773
7.8	5.8868246677990514	-0.19600215065464363	16.486991205856548
7.833333333333333	5.84927731051319	-0.184292404024067	16.555785941744105
7.866666666666666	5.811553866137151	-0.17326107411938932	16.624832233257585
7.8999999999999995	5.773673424129628	-0.16287237733373358	16.694103011548
7.933333333333334	5.735653232156318	-0.15309179224868794	16.763573775419076
7.966666666666667	5.697508771726182	-0.14388615435459537	16.833222496173633
8.	5.659253780320943	-0.13522383068954785	16.903029596917147
8.033333333333333	5.6209007802017785	-0.12707435199216763	16.972977213797673
8.066666666666666	5.582460716526618	-0.11940891446736296	17.043049712688585
8.1	5.543943531991049	-0.11219989029411784	17.113232880530322
8.133333333333333	5.505357971511101	-0.10542114995462348	17.18351420416603
8.166666666666666	5.466711853824449	-0.09904785421337767	17.25388248862163
8.2	5.428012153704482	-0.09305640238181363	17.32432774050548
8.233333333333333	5.389264991655594	-0.08742457938612117	17.394841185387435
8.266666666666666	5.350475900201817	-0.08213118101579345	17.465414888192072
8.3	5.311649676338148	-0.07715637564147967	17.536041965317622
8.333333333333334	5.272790668182199	-0.07248123523591642	17.6067161753641
8.366666666666667	5.2339026561449415	-0.06808804351615803	17.67743208964221
8.4	5.194989029915127	-0.06395999712483195	17.748184839392607
8.433333333333334	5.156052760177525	-0.06008131379856835	17.818970156255137
8.466666666666667	5.117096502877386	-0.05643705725166707	17.889784223501415
8.5	5.078122580896658	-0.053013219490385136	17.960623702176385
8.533333333333333	5.03913306941803	-0.049796553702074725	18.031485608972588
8.566666666666666	5.00012978470064	-0.04677463653881304	18.102367332284185
8.6	4.961114346495504	-0.0439357344778655	18.173266542836707
8.633333333333333	4.922088173798447	-0.04126884190313911	18.244181199733017
8.666666666666666	4.883052529834513	-0.03876357591516309	18.315109485972116
8.7	4.8440085224344855	-0.03641019496967319	18.386049807877598
8.733333333333333	4.804957136151021	-0.03419951837057202	18.457000749028037
8.766666666666666	4.7658992354422	-0.032122929062870176	18.527961065659735
8.8	4.726835587281763	-0.030172314203050436	18.598929654213762
8.833333333333334	4.687766865934021	-0.028340055386271972	18.66990554445629
8.866666666666667	4.648693668647197	-0.026618986730910753	18.740887876943084
8.9	4.609616521170501	-0.02500237539437147	18.811875895075495
8.933333333333334	4.570535888445218	-0.023483894213398925	18.882868929742635
8.966666666666667	4.531452180314517	-0.02205759483272613	18.95386639110168
9.	4.49236575863763	-0.02071789220864546	19.024867758355544
9.033333333333333	4.4532769428413115	-0.0194595323458551	19.095872571761866
9.066666666666666	4.414186014505866	-0.018277586353107448	19.166880426042095
9.1	4.375093222550552	-0.017167414421852118	19.237890962917582
9.133333333333333	4.33599878605581	-0.01612466746654733	19.30890386705316
9.166666666666666	4.29690289897315	-0.015145248683491744	19.379918859277684
9.2	4.257805731737152	-0.01422532109584283	19.450935694267113
9.233333333333333	4.218707436805247	-0.013361250662005626	19.52195415257095
9.266666666666666	4.179608148398313	-0.01254963500595907	19.592974040987965
9.3	4.1405079755877106	-0.011787397469849211	19.663995202512748
9.333333333333334	4.101407026012236	-0.011071480088443695	19.735017482201517
9.366666666666667	4.062305396959957	-0.01039897451095369	19.806040740009045
9.4	4.023203162042434	-0.009767358853321702	19.87706486997342
9.433333333333334	3.98410039184784	-0.009174171571445589	19.948089770486007
9.466666666666667	3.944997154986569	-0.008616976035378109	20.019115342782825
9.5	3.905893503941754	-0.00809361575955807	20.090141511308655
9.533333333333333	3.8667894848489226	-0.007602107570938458	20.161168209653614
9.566666666666666	3.827685143923751	-0.0071404711201348715	20.23219537129317
9.6	3.7885805208634555	-0.0067068374972184385	20.303222939080015
9.633333333333333	3.7494756456568354	-0.006299582275920735	20.3742508698425
9.666666666666666	3.7103705479472366	-0.005917112663017855	20.44527912090904
9.7	3.6712652564206842	-0.005557855947365408	20.516307650985606
9.733333333333333	3.632159792787217	-0.005220428212204862	20.587336428818706
9.766666666666666	3.5930541761115418	-0.004903547312338888	20.65836542696395
9.8	3.553948425459853	-0.0046059326135680515	20.72939461797491
9.833333333333334	3.5148425573335347	-0.004326383801656602	20.800423978096948
9.866666666666667	3.475736584337688	-0.004063853751940503	20.87145348918434
9.9	3.436630518825357	-0.0038173121443225524	20.942483133454342
9.933333333333334	3.397524372694585	-0.003585744627963041	21.013512893779154
9.966666666666667	3.358418154936084	-0.0033682633176372666	21.0845427572161
10.	3.3193118735339637	-0.0031640395036414207	21.155572712271642
10.033333333333333	3.280205536459339	-0.002972245497639909	21.226602747470974
10.066666666666666	3.241099150508112	-0.00279211115247841	21.297632853030994
10.1	3.201992720930489	-0.0026229615852420823	21.368663021393733
10.133333333333333	3.1628862528980752	-0.0024641306391956523	21.439693245114388
10.166666666666666	3.1237797513320644	-0.002314966549179741	21.51072351710863
10.2	3.084673219936932	-0.002174900219761077	21.58175383204364
10.233333333333333	3.045566662140927	-0.002043389521610504	21.652784184984263
10.266666666666666	3.0064600812665794	-0.0019198993345438636	21.72381457114753
10.3	2.967353479915784	-0.0018039534296533358	21.794844986787847
10.333333333333334	2.928246860436714	-0.0016951042862845178	21.865875428524895
10.366666666666667	2.889140225121335	-0.0015929092390269694	21.936905893059258
10.4	2.850033575774784	-0.0014969725179600742	22.00793637779233
10.433333333333334	2.8109269139760777	-0.0014069251460259937	22.078966880451027
10.466666666666667	2.7718202412810817	-0.0013224014188367769	22.149997398795584
10.5	2.7327135589591047	-0.001243072461205204	22.221027930998755
10.533333333333333	2.6936068680873966	-0.0011686340940776667	22.29205847550978
10.566666666666666	2.6545001697285002	-0.0010987844583819776	22.36308903079906
10.6	2.61539346476399	-0.0010332505346929085	22.43411959559752
10.633333333333333	2.5762867539299372	-0.0009717817399825415	22.505150168845535
10.666666666666666	2.537180037952679	-0.0009141292283063291	22.576180749497507
10.7	2.498073317443116	-0.0008600666256693411	22.647211336674005
10.733333333333333	2.4589665929044484	-0.0008093877888128688	22.718241929650638
10.766666666666666	2.419859864833029	-0.0007618879753822743	22.789272527712882
10.8	2.3807531336520484	-0.0007173798037753093	22.860303130251527
10.833333333333334	2.341646399705809	-0.0006756939881593925	22.931333736770927
10.866666666666667	2.302539663334847	-0.0006366621860160056	23.002364346780862
10.9	2.263432924841025	-0.0006001281282866635	23.073394959846784
10.933333333333334	2.2243261844499127	-0.0005659558882603571	23.144425575643968
10.966666666666667	2.185219442379312	-0.0005340113757076635	23.215456193858877
11.	2.1461126988453985	-0.0005041616275996468	23.286486814180314
11.033333333333333	2.107005954024874	-0.0004762904287230375	23.357517436353906
11.066666666666666	2.0678992080550476	-0.00045029425370836894	23.428548060181985
11.1	2.0287924610715953	-0.0004260698803416632	23.499578685469242
11.133333333333333	1.9896857132074708	-0.00040351597100369267	23.570609312024278
11.166666666666666	1.950578964565469	-0.00038254666489737755	23.641639939699115
11.2	1.9114722152298662	-0.0003630836122432458	23.712670568372435
11.233333333333333	1.8723654652846833	-0.00034504850791527785	23.78370119792328
11.266666666666666	1.8332587148109227	-0.0003283657892977826	23.854731828235042
11.3	1.794151963869365	-0.0003129734153193541	23.92576245922023
11.333333333333334	1.7550452125127047	-0.0002988134618253363	23.996793090802985
11.366666666666667	1.7159384607936154	-0.00028582800614230803	24.067823722907473
11.4	1.6768317087615172	-0.00027396281404081044	24.13885435546256
11.433333333333334	1.6377249564530856	-0.0002631748505536098	24.209884988415446
11.466666666666667	1.5986182039019463	-0.00025342318083762874	24.280915621717725
11.5	1.559511451141717	-0.0002446669087396915	24.351946255321
11.533333333333333	1.5204046982030246	-0.00023686978453912899	24.422976889181182
11.566666666666666	1.4812979451093744	-0.00023000450414124504	24.494007523264436
11.6	1.4421911918832535	-0.00022404477509187107	24.56503815753839
11.633333333333333	1.40308443854711	-0.00021896445423657526	24.636068791970725
11.666666666666666	1.3639776851211605	-0.00021474291398268736	24.707099426532345
11.7	1.324870931622319	-0.00021136651828085096	24.778130061198897
11.733333333333333	1.2857641780672369	-0.0002088220803546979	24.849160695946413
11.766666666666666	1.246657424472641	-0.00020709668399529133	24.920191330750807
11.8	1.2075506708545902	-0.00020618365848829444	24.99122196558897
11.833333333333334	1.1684439172275236	-0.00020608245186353122	25.06225260044011
11.866666666666667	1.1293371636057523	-0.0002067927599775468	25.133283235283628
11.9	1.0902304100036648	-0.0002083144243131609	25.204313870098808
11.933333333333334	1.0511236564370428	-0.0002106528133005372	25.275344504862932
11.966666666666667	1.0120169029225856	-0.0002138203963453742	25.346375139551967
12.	0.9729101494769634	-0.000217830109417714	25.417405774141905
12.033333333333333	0.9338033961168455	-0.00022269492774270737	25.488436408608756
12.066666666666666	0.8946966428605916	-0.00022843236739603692	25.559467042926087
12.1	0.8555898897309292	-0.00023506860886204675	25.630497677061182
12.133333333333333	0.8164831367512495	-0.00024263080297367353	25.70152831098037
12.166666666666666	0.7773763839449427	-0.0002511461021515186	25.772558944649976
12.2	0.7382696313376399	-0.0002606451016627085	25.843589578033104
12.233333333333333	0.6991628789636419	-0.0002711690601977105	25.914620211080376
12.266666666666666	0.6600561268592923	-0.00028276129110557777	25.98565084373947
12.3	0.6209493750609325	-0.00029546510773536394	26.05668147595808
12.333333333333334	0.5818426236075873	-0.00030932620948942604	26.127712107680015
12.366666666666667	0.5427358725533875	-0.0003244028766278905	26.19874273882736
12.4	0.503629121957745	-0.00034075752090593825	26.26977336931458
12.433333333333334	0.4645223718800767	-0.00035845255652841525	26.340803999056146
12.466666666666667	0.4254156223824246	-0.00037755195212761954	26.411834627962744
12.5	0.38630887355084037	-0.00039813385719660846	26.482865255910497
12.533333333333333	0.3472021254842428	-0.00042028400471568877	26.553895882757008
12.566666666666666	0.3080953782816726	-0.0004440881990538842	26.624926508359696
12.6	0.2689886320459629	-0.00046963372594847246	26.69595713257053
12.633333333333333	0.22988188691694517	-0.0004970237570471777	26.766987755188218
12.666666666666666	0.1907751430517893	-0.0005263701425772798	26.838018375986497
12.7	0.15166840060758915	-0.0005577847656468009	26.909048994739223
12.733333333333333	0.11256165977158603	-0.0005913882159585849	26.980079611176855
12.766666666666666	0.07345492077924672	-0.0006273188757804184	27.05111022496042
12.8	0.03434818386831635	-0.0006657171046239933	27.122140835747675
12.833333333333334	-0.004758550708385807	-0.0007067264764240617	27.193171443174666
12.866666666666667	-0.04386528260744997	-0.0007505138908669287	27.264202046747034
12.9	-0.08297201146227938	-0.0007972554148281381	27.335232645937044
12.933333333333334	-0.1220787369050567	-0.0008471273706475821	27.4062632402152
12.966666666666667	-0.16118545847224167	-0.0009003242060995561	27.477293828914206
13.	-0.2002921756004465	-0.000957064584019361	27.54832441122303
13.033333333333333	-0.23939888772670628	-0.0010175684307763694	27.619354986331256
13.066666666666666	-0.2785055942357497	-0.0010820630778745756	27.690385553353163
13.1	-0.3176122942942889	-0.0011508128165562057	27.761416111089183
13.133333333333333	-0.35671898703452454	-0.0012240918375324777	27.832446658290063
13.166666666666666	-0.3958256715780924	-0.0013021756206380165	27.903477193691348
13.2	-0.4349323467947401	-0.001385372559180164	27.974507715665972
13.233333333333333	-0.47403901137415877	-0.0014740186879464456	28.045538222327668
13.266666666666666	-0.5131456639783554	-0.001568453246852094	28.11656871175032
13.299999999999999	-0.5522523029398636	-0.0016690524047396642	28.187599181533507
13.333333333333334	-0.5913589264264842	-0.0017762151500334896	28.25862962903967
13.366666666666667	-0.6304655324894769	-0.001890350537300934	28.329660051463488
13.4	-0.6695721186514038	-0.0020119188245060794	28.400690445238542
13.433333333333334	-0.7086786823168345	-0.0021413957320119484	28.471720806628557
13.466666666666667	-0.7477852205773722	-0.0022792796592161642	28.542751131446728
13.5	-0.786891729828804	-0.0024261283080195812	28.61378141450459
13.533333333333333	-0.8259982063836381	-0.0025825089103634143	28.68481165049378
13.566666666666666	-0.8651046458626608	-0.0027490322018674956	28.755841833110182
13.6	-0.9042110430947949	-0.0029263685250720713	28.826871954909734
13.633333333333333	-0.9433173927861289	-0.003115197036761056	28.897902008271558
13.666666666666666	-0.982423688402787	-0.0033162660324125882	28.968931983789787
13.7	-1.0215299226990384	-0.003530369320934409	29.039961871033796
13.733333333333333	-1.0606360875819698	-0.0037583407366766947	29.110991658353413
13.766666666666666	-1.0997421735589952	-0.004001088335584212	29.182021332083565
13.799999999999999	-1.1388481704708155	-0.004259549326594645	29.253050877599424
13.833333333333334	-1.1779540659582834	-0.004534756734717439	29.324080277109385
13.866666666666667	-1.2170598469459124	-0.004827777000232633	29.395109511790654
13.9	-1.2561654977550705	-0.0051397710955396626	29.466138559073116
13.933333333333334	-1.2952710012015256	-0.0054719630765882755	29.537167394219292
13.966666666666667	-1.3343763376833726	-0.005825650837174618	29.608195989011417
14.	-1.3734814844808796	-0.0062022403269411126	29.679224310743525
14.033333333333333	-1.412586417369518	-0.006603180594095672	29.750252324543474
14.066666666666666	-1.4516911063296665	-0.007030081762214576	29.82127998719703
14.1	-1.4907955196849132	-0.007484602566136104	29.892307253104985
14.133333333333333	-1.5298996210055278	-0.00796851649248398	29.963334069825766
14.166666666666666	-1.5690033669132484	-0.008483763076040129	30.03436037491543
14.2	-1.6081067122019443	-0.009032321071565869	30.10538610329888
14.233333333333333	-1.6472096014147886	-0.009616379510695565	30.176411175145486
14.266666666666666	-1.6863119741849313	-0.010238227907912456	30.247435503556776
14.299999999999999	-1.7254137633356939	-0.010900274214655477	30.318458991832046
14.333333333333334	-1.7645148873380705	-0.01160517668543326	30.38948152261135
14.366666666666667	-1.803615261447388	-0.012355646022582463	30.460502973906106
14.4	-1.842714783086153	-0.013154657079845889	30.531523198059517
14.433333333333334	-1.88181333735217	-0.014005367822403195	30.60254202967475
14.466666666666667	-1.9209108003601993	-0.014911049536392771	30.673559290425658
14.5	-1.9600070191142895	-0.015875340407685064	30.74457476008656
14.533333333333333	-1.9991018341853974	-0.016901959850326085	30.8155882091725
14.566666666666666	-2.0381950585804023	-0.017994922042527093	30.886599368528085
14.6	-2.0772864671891274	-0.01915864120547175	30.95760791413928
14.633333333333333	-2.1163758319239045	-0.020397563367361173	31.02861351770679
14.666666666666666	-2.1554628854317825	-0.021716493567881277	31.09961579442594
14.7	-2.1945472958602275	-0.023120784267863074	31.17061426667464
14.733333333333333	-2.233628725479388	-0.024615835158183275	31.24160844837321
14.766666666666666	-2.27270679277477	-0.026207384733777806	31.31259779044286
14.799999999999999	-2.3117810139908235	-0.02790189294159354	31.383581596700797
14.833333333333334	-2.350850891382309	-0.029705911146571985	31.45455915083635
14.866666666666667	-2.389915878582085	-0.031626301003386086	31.525529666595876
14.9	-2.4289752720561757	-0.033670841752181706	31.59649213165159
14.933333333333334	-2.468028337577871	-0.03584747958322497	31.667445489527896
14.966666666666667	-2.507074290486759	-0.03816442852558341	31.738388611224185
15.	-2.546112113128605	-0.04063102713102643	31.80932003271737
15.033333333333333	-2.58514072299607	-0.04325690556000289	31.880238196737373
15.066666666666666	-2.624158987928619	-0.04605191294798882	31.951141474646683
15.1	-2.663165445117869	-0.04902721524139251	32.022027762627246
15.133333333333333	-2.702158500874015	-0.05219446334109166	32.092894768785555
15.166666666666666	-2.741136515468831	-0.05556547747852378	32.16374013510316
15.2	-2.780097397966286	-0.05915355691365872	32.234560855644894
15.233333333333333	-2.819038808204233	-0.06297276036516793	32.30535356664444
15.266666666666666	-2.8579583650739395	-0.06703727203286765	32.37611484558192
15.299999999999999	-2.8968530956144614	-0.07136286666702783	32.446840421078086
15.333333333333334	-2.935719577344967	-0.07596644025949358	32.51752537716391
15.366666666666667	-2.9745543172166897	-0.08086505053914844	32.588164696783906
15.4	-3.0133530795467465	-0.08607739064607917	32.65875229952626
15.433333333333334	-3.0521111478099514	-0.09162314188773825	32.729281416790485
15.466666666666667	-3.0908231990093595	-0.09752311339791254	32.79974441317766
15.5	-3.1294832508768424	-0.1037993123307813	32.870132711075584
15.533333333333333	-3.168084562839086	-0.110474946694433	32.94043665165397
15.566666666666666	-3.206619527259053	-0.11757457965257176	33.010645339664755
15.6	-3.2450796413924214	-0.1251239868789029	33.08074660728099
15.633333333333333	-3.283455263129187	-0.13315045905264195	33.15072666673552
15.666666666666666	-3.32173570347123	-0.14168249189149423	33.22057024730025
15.7	-3.3599089191934235	-0.15075007149366076	33.29026016169233
15.733333333333333	-3.3979613705444525	-0.16038464951271547	33.35977711151554
15.766666666666666	-3.435878106846337	-0.17061893745113546	33.42909981374789
15.799999999999999	-3.473642313892573	-0.18148714938530744	33.49820437210988
15.833333333333334	-3.511235334884139	-0.1930247756109247	33.567064320769404
15.866666666666667	-3.548636600541861	-0.20526851450097874	33.63565053532659
15.9	-3.5858231221656545	-0.21825633320409404	33.703930551333855
15.933333333333334	-3.6227697740208877	-0.23202711339333315	33.77186897773461
15.966666666666667	-3.6594488591049377	-0.24662065626594737	33.83942692279512
16.	-3.6958299494630076	-0.2620773935888996	33.90656182934037
16.03333333333333	-3.7318801170547555	-0.27843813436807185	33.973227818197095
16.066666666666666	-3.7675634677616268	-0.2957437746729649	34.03937514015704
16.1	-3.802841292842275	-0.3140349285522061	34.10495045346845
16.133333333333333	-3.837672111995893	-0.3333515207433558	34.16989698325727
16.166666666666668	-3.8720117446711684	-0.3537323555499176	34.234154733633865
16.2	-3.90581340155288	-0.3752145656983778	34.297660773372804
16.233333333333334	-3.939027974935446	-0.3978330463395273	34.36034980959395
16.266666666666666	-3.9716044080306343	-0.42161992005413235	34.42215487534281
16.3	-4.003490089184949	-0.4466039662036178	34.48300808102583
16.333333333333332	-4.034631339149074	-0.4728098828406346	34.54284157590163
16.366666666666667	-4.064974084160655	-0.5002577989482871	34.60158871221479
16.4	-4.0944644917274164	-0.5289626693836494	34.6591852189055
16.433333333333334	-4.123049719330171	-0.5589337814067671	34.7155705318268
16.466666666666665	-4.150678674577708	-0.5901743248885936	34.770689150132846
16.5	-4.177302774912944	-0.6226810625985226	34.82449198991943
16.53333333333333	-4.202876672775867	-0.6564441140360913	34.87693768149215
16.566666666666666	-4.2273589109633525	-0.6914468648833628	34.92799375314885
16.6	-4.250712476679054	-0.7276660068599778	34.977637650671625
16.633333333333333	-4.272905226412314	-0.7650717067452384	35.02585754792404
16.666666666666668	-4.293910161973194	-0.803627895770304	35.07265291757697
16.7	-4.31370554581188	-0.8432926646335596	35.11803484385081
16.733333333333334	-4.332274848308021	-0.884018749609025	35.16202606264297
16.766666666666666	-4.349606540166342	-0.9257540804108767	35.20466075345234
16.8	-4.365693744860252	-0.9684423657730987	35.245984107005185
16.833333333333332	-4.380533772868053	-1.012023692952526	35.286051702924034
16.866666666666667	-4.3941275588257565	-1.0564351229934166	35.324928720064996
16.9	-4.406479071118411	-1.1016112269691236	35.3626891690908
16.933333333333334	-4.417594594208555	-1.1474846600156832	35.39941473426313
16.966666666666665	-4.427482116263506	-1.1939865635785183	35.43519400436273
17.	-4.436150681182596	-1.2410469755786804	35.47012154966111
17.03333333333333	-4.443609741247117	-1.2885951811611256	35.50429689821091
17.066666666666666	-4.449868615487431	-1.3365599645542874	35.53782371274638
17.1	-4.454936000372087	-1.3848698035946856	35.57080903989194
17.133333333333333	-4.4588195130864055	-1.4334530137856913	35.60336262890297
17.166666666666668	-4.461525349019693	-1.4822378445700222	35.63559624130432
17.2	-4.4630579831148625	-1.5311525294063586	35.66762307486047
17.233333333333334	-4.463420106008964	-1.5801253038510772	35.69955721640974
17.266666666666666	-4.462612276400782	-1.6290844105775368	35.731513181881176
17.3	-4.460633110346571	-1.6779580919467632	35.763605354918354
17.333333333333332	-4.4574793064635205	-1.726674581374616	35.79594759350709
17.366666666666667	-4.453145623887356	-1.7751621125913066	35.82865257557482
17.4	-4.447625307961581	-1.8233489562199534	35.86183133983458
17.433333333333334	-4.440910309744456	-1.8711634693905723	35.895592773506976
17.466666666666665	-4.43299161494774	-1.918534232316654	35.93004263686132
17.5	-4.4238598103189135	-1.9653901973287629	35.965283120761356
17.53333333333333	-4.413505490957305	-2.0116608660817756	36.00141216065924
17.566666666666666	-4.401920016096408	-2.0572767308655555	36.03852174308081
17.6	-4.389095880636849	-2.102169378524379	36.07669835767786
17.633333333333333	-4.37502766286532	-2.1462721793721173	36.116020646372135
17.666666666666668	-4.359712484660926	-2.1895206009123216	36.15655936156803
17.7	-4.343150650227793	-2.231852733610255	36.19837629760579
17.733333333333334	-4.325346406023361	-2.273209983365231	36.241523094232946
17.766666666666666	-4.306308427909681	-2.3135376692088236	36.28604063652247
17.8	-4.286050059619853	-2.35278543730968	36.33195891945818
17.833333333333332	-4.264589739690618	-2.3909079317347315	36.37929638033361
17.866666666666667	-4.24195132283268	-2.4278655334108987	36.42805941666938
17.9	-4.218163780309204	-2.4636245155911256	36.478243167046834
17.933333333333334	-4.193261051977447	-2.498157364802809	36.52983185723908
17.966666666666665	-4.167281966509307	-2.5314433893951986	36.58279890571244
18.	-4.140269569376252	-2.563468622139337	36.63710823624576
18.03333333333333	-4.112270462259786	-2.594225624487038	36.69271553108048
18.066666666666666	-4.083334273038851	-2.6237136051226395	36.74956911457886
18.1	-4.053512889584876	-2.6519382340169204	36.80761129309778
18.133333333333333	-4.022859596781134	-2.678911012802799	36.86677996834941
18.166666666666668	-3.9914284080968754	-2.7046487732903244	36.9270098662094
18.2	-3.9592733155165343	-2.729173667407049	36.988233669895905
18.233333333333334	-3.9264476508079134	-2.7525118938517226	37.0503834514835
18.266666666666666	-3.8930035442668975	-2.774693539073361	37.11339150456315
18.3	-3.8589912736342495	-2.795751965958913	37.1771914845085
18.333333333333332	-3.8244591585611265	-2.81572290812192	37.241718874807155
18.366666666666667	-3.7894530065193104	-2.8346442273144596	37.30691181766729
18.4	-3.7540159285646792	-2.852555216903289	37.37271157976217
18.433333333333334	-3.7181884740710602	-2.8694960910985836	37.43906252366484
18.466666666666665	-3.6820081696477773	-2.8855076417790753	37.505912802423765
18.5	-3.6455097651622794	-2.900630754809846	37.573214154838915
18.53333333333333	-3.60872542030831	-2.9149061623934873	37.64092171564099
18.566666666666666	-3.571684188623887	-2.9283740125184656	37.70899476713008
18.6	-3.5344130763841153	-2.941073867303373	37.77739535709738
18.633333333333333	-3.496936164247753	-2.9530442003828616	37.84608952108887
18.666666666666668	-3.4592756156433975	-2.9643225553820223	37.91504593292354
18.7	-3.4214512137832997	-2.974945168381905	37.98423655832089
18.733333333333334	-3.3834808923990356	-2.984947039116343	38.05363593865968
18.766666666666666	-3.3453807589272575	-2.994361839619895	38.12322116750179
18.8	-3.3071651730720264	-3.003221759772893	38.19297179245145
18.833333333333332	-3.268847142163246	-3.0115577553310313	38.26286926533816
18.866666666666667	-3.230438084545928	-3.019399141156872	38.33289728247766
18.9	-3.1919484190425718	-3.0267741190360926	38.40304095541552
18.933333333333334	-3.1533871930472333	-3.033709206339259	38.47328734152432
18.966666666666665	-3.114762681092521	-3.040229889153582	38.54362459691693
19.	-3.0760820501233597	-3.0463600597845817	38.614042454492036
19.03333333333333	-3.037351855622686	-3.052122654454821	38.68453151853832
19.066666666666666	-2.99857764218577	-3.0575388947195763	38.75508383726824
19.1	-2.9597646755307756	-3.062629502036623	38.825691857223234
19.133333333333333	-2.920917335308882	-3.0674134727787408	38.89634929133361
19.166666666666668	-2.8820396309766494	-3.071909024097688	38.96705038332829
19.2	-2.8431351492308874	-3.076133425021693	39.03778998177689
19.233333333333334	-2.80420691112728	-3.080102583400089	39.1085637463288
19.266666666666666	-2.7652577913768086	-3.083832027847286	39.17936754645551
19.3	-2.7262901498065104	-3.0873358718410397	39.25019799004922
19.333333333333332	-2.687306183390848	-3.090627741943215	39.32105191904953
19.366666666666667	-2.648307813550588	-3.0937204013239312	39.39192657076685
19.4	-2.609296684843511	-3.0966256788074396	39.462819580305364
19.433333333333334	-2.5702743476087635	-3.0993550651337127	39.53372871807352
19.466666666666665	-2.531242067488185	-3.1019189618841883	39.6046521635384
19.5	-2.492201038625466	-3.1043274723583894	39.67558819900897
19.53333333333333	-2.453152283362029	-3.106589954997485	39.74653535368502
19.566666666666666	-2.414096694047642	-3.1087151589226836	39.81749234372476
19.6	-2.375035100014567	-3.1107115226243427	39.88845797587736
19.633333333333333	-2.3359681797585776	-3.112586686883333	39.959431273821664
19.666666666666668	-2.2968965802895043	-3.1143481142134157	40.03041130653365
19.7	-2.2578208438961664	-3.116002641369272	40.10139729360168
19.733333333333334	-2.2187414435833617	-3.117556647376423	40.17238855434
19.766666666666666	-2.179658835384031	-3.1190164014808057	40.243384432463195
19.8	-2.1405733820348156	-3.12038750690603	40.31438440588512
19.833333333333332	-2.1014854134339704	-3.121675295752405	40.385387999804536
19.866666666666667	-2.062395241079922	-3.1228849517978796	40.4563947658924
19.9	-2.0233031126889247	-3.1240211081706515	40.527404347595734
19.933333333333334	-1.9842092625984555	-3.125088265975951	40.59841640761886
19.966666666666665	-1.945113894251656	-3.126090618716468	40.6694306531298
20.	-1.906017182161232	-3.127032048831736	40.7404468329387